23
0706016003 0.9565217391304348
0706016002 0.30434782608695654
0573085010 0.17391304347826086
0717490002 0.13043478260869565
0731160004 0.13043478260869565
0550309001 0.13043478260869565
0610776001 0.13043478260869565
0844915002 0.13043478260869565
0670698001 0.13043478260869565
0516000001 0.13043478260869565
167
0720125001 0.20958083832335328
0448509014 0.1377245508982036
0749699002 0.1317365269461078
0806388001 0.11377245508982035
0610776002 0.10778443113772455
0572797002 0.10778443113772455
0372860001 0.10778443113772455
0759871002 0.10179640718562874
0695632002 0.10179640718562874
0160442007 0.09580838323353294
132
0610776001 0.09848484848484848
0399223029 0.09090909090909091
0717490008 0.09090909090909091
0610776002 0.08333333333333333
0615141002 0.08333333333333333
0751471001 0.08333333333333333
0590928001 0.07575757575757576
0589599031 0.07575757575757576
0706016015 0.06818181818181818
0579541001 0.06818181818181818
35
0706016002 0.9142857142857143
0372860001 0.17142857142857143
0706016003 0.14285714285714285
0768440002 0.14285714285714285
0568601006 0.14285714285714285
0741356002 0.14285714285714285
0610776001 0.14285714285714285
0448509014 0.14285714285714285
0673396002 0.14285714285714285
0688537004 0.14285714285714285
118
0610776002 0.13559322033898305
0536139006 0.11016949152542373
0610776001 0.11016949152542373
0717490008 0.1016949152542373
0579541001 0.09322033898305085
0564786001 0.09322033898305085
0673677002 0.0847457627118644
0573716012 0.07627118644067797
0759871002 0.07627118644067797
0562245001 0.06779661016949153
96
0796210001 0.15625
0448509001 0.125
0516000001 0.125
0537116001 0.11458333333333333
0610776002 0.11458333333333333
0759871002 0.10416666666666667
0355072002 0.10416666666666667
0562245001 0.10416666666666667
0562245046 0.10416666666666667
0678942001 0.09375
104
0706016001 1.0
0706016002 0.28846153846153844
0706016003 0.28846153846153844
0399223001 0.20192307692307693
0706016006 0.19230769230769232
0554450001 0.17307692307692307
0720125001 0.17307692307692307
0706016015 0.15384615384615385
0573085028 0.15384615384615385
0759871002 0.1346153846153846
97
0562245001 0.32989690721649484
0399223001 0.26804123711340205
0741356002 0.2268041237113402
0610776002 0.14432989690721648
0448509001 0.14432989690721648
0610776001 0.13402061855670103
0706016003 0.12371134020618557
0484398001 0.1134020618556701
0706016001 0.1134020618556701
0448509014 0.10309278350515463
145
0610776002 0.10344827586206896
0351484002 0.07586206896551724
0661306008 0.06896551724137931
0673677002 0.06206896551724138
0615141002 0.06206896551724138
0484398001 0.06206896551724138
0863001001 0.06206896551724138
0678942001 0.06206896551724138
0655784001 0.06206896551724138
0590928019 0.06206896551724138
83
0562245001 0.12048192771084337
0768912001 0.12048192771084337
0573716012 0.0963855421686747
0484398001 0.0963855421686747
0778064004 0.0963855421686747
0610776001 0.0963855421686747
0399223001 0.0963855421686747
0749699002 0.0963855421686747
0720125001 0.08433734939759036
0695632002 0.08433734939759036